BOSS Z-Matrix with LSDautozmat                              Tot. E =     51.9056
   1 DUM   -1   -1    0    0.000000   0    0.000000   0    0.000000 M_7    1
   2 DUM   -1   -1    1    1.000000   0    0.000000   0    0.000000 M_7    1
   3 C00  145  145    2    1.000000   1   90.000000   0    0.000000 M_7    1
   4 C01  145  145    3    1.412500   2   90.000000   1    0.000000 M_7    1
   5 C02  145  145    3    1.409523   4  119.358288   2   90.000000 M_7    1
   6 C03  145  145    4    1.411328   3  119.226887   5  -16.657867 M_7    1
   7 H04  146  146    3    1.079650   4  120.548722   6  170.332803 M_7    1
   8 C05  145  145    6    1.409507   4  119.161250   3   16.856435 M_7    1
   9 C06  145  145    5    1.411203   3  119.161250   4   -0.000000 M_7    1
  10 C07  149  149    4    1.529671   3  119.621603   5  152.686399 M_7    1
  11 C08  149  149   10    1.576534   4  113.532482   3  -90.364702 M_7    1
  12 C09  145  145   11    1.529724  10  113.532482   4    8.106352 M_7    1
  13 C0A  145  145   12    1.412488  11  119.621603  10  -90.364702 M_7    1
  14 H0B  146  146    6    1.079698   4  120.482208   3 -170.682596 M_7    1
  15 C0C  145  145   13    1.409502  12  119.292566  11  152.437300 M_7    1
  16 H0D  146  146   13    1.079667  12  120.548722  11  -20.107615 M_7    1
  17 C0E  145  145   15    1.411400  13  119.161250  12   -0.000000 M_7    1
  18 C0F  145  145   17    1.412469  15  119.226887  13   16.856435 M_7    1
  19 C0G  145  145   12    1.411292  11  120.150317  10   78.840354 M_7    1
  20 C0H  149  149   17    1.529589  15  119.819542  13 -152.437300 M_7    1
  21 C0I  149  149    9    1.529636   5  120.084074   3 -152.313528 M_7    1
  22 H0J  146  146    8    1.079624   6  119.621603   4  172.678250 M_7    1
  23 H0K  146  146    5    1.079706   3  119.424053   4 -172.678250 M_7    1
  24 H0M  140  140   10    1.090272   4  108.317216   3   31.227696 M_7    1
  25 H0N  140  140   10    1.090253   4  109.285495   3  146.142777 M_7    1
  26 H0O  140  140   11    1.090280  10  110.076458   4  130.866976 M_7    1
  27 H0P  140  140   11    1.090346  10  109.224813   4 -113.095776 M_7    1
  28 H0Q  146  146   15    1.079707  13  119.424053  12 -172.678250 M_7    1
  29 H0R  146  146   18    1.079608  17  120.482208  15  170.682596 M_7    1
  30 H0S  146  146   19    1.079711  12  120.815238  11   19.940418 M_7    1
  31 H0T  140  140   20    1.090258  17  108.256882  15 -159.326178 M_7    1
  32 H0U  140  140   20    1.090335  17  109.285495  15  -44.420815 M_7    1
  33 H0V  140  140   21    1.090246   9  108.317216   5 -159.326178 M_7    1
  34 H0W  140  140   21    1.090308   9  109.285495   5  -44.420815 M_7    1
                    Geometry Variations follow    (2I4,F12.6)                   
                    Variable Bonds follow         (I4)                          
   4
   5
   6
   7
   8
   9
  10
  11
  12
  13
  14
  15
  16
  17
  18
  19
  20
  21
  22
  23
  24
  25
  26
  27
  28
  29
  30
  31
  32
  33
  34
                    Additional Bonds follow       (2I4)                         
   9   8
  19  18
  21  20
                    Harmonic Constraints follow   (2I4,4F10.4)                  
                    Variable Bond Angles follow   (I4)                          
   5
   6
   7
   8
   9
  10
  11
  12
  13
  14
  15
  16
  17
  18
  19
  20
  21
  22
  23
  24
  25
  26
  27
  28
  29
  30
  31
  32
  33
  34
                    Additional Bond Angles follow (3I4)                         
   9   5  23
  17  18  19
  17  15  28
   6   4  10
   6   8   9
  26  11  27
  12  19  18
  21  20  32
  24  10  25
  33  21  34
  11  10  25
   5   3   7
   5   9   8
  17  20  21
  31  20  32
  19  18  29
   8   6  14
  13  12  19
  11  10  24
  12  11  27
  20  21  33
   8   9  21
  20  21  34
  15  13  16
  18  19  30
  12  11  26
  18  17  20
  21  20  31
   9   8  22
   9  21  20
                    Variable Dihedrals follow     (3I4,F12.6)                   
   6 165 165    2.000000
   7 165 165    2.000000
   8 165 165    2.000000
   9 165 165    2.000000
  10 165 165    2.000000
  11  21  21    5.000000
  12 116 116    5.000000
  13  21  21    5.000000
  14 165 165    2.000000
  15 165 165    2.000000
  16 165 165    2.000000
  17 165 165    2.000000
  18 165 165    2.000000
  19  21  21    5.000000
  20 165 165    2.000000
  21 165 165    2.000000
  22 165 165    2.000000
  23 165 165    2.000000
  24  20  20    5.000000
  25  20  20    5.000000
  26  22  22    5.000000
  27  22  22    5.000000
  28 165 165    2.000000
  29 165 165    2.000000
  30 165 165    2.000000
  31  20  20    5.000000
  32  20  20    5.000000
  33  20  20    5.000000
  34  20  20    5.000000
                    Additional Dihedrals follow   (6I4)                         
   7   3   4  10 165 165
  19  18  17  20 165 165
  10   4   6  14 165 165
  13  12  11  27  20  20
  17  20  21  33  22  22
  20  17  18  29 165 165
  25  10  11  26   1   1
  20  17  15  28 165 165
  12  19  18  17 165 165
   3   5   9   8 165 165
  13  12  19  18 165 165
  19  12  11  26  20  20
   7   3   5   9 165 165
  12  11  10  25  22  22
  12  19  18  29 165 165
   6   4  10  24  20  20
   8   9  21  33  20  20
  24  10  11  26   1   1
   6   4  10  25  20  20
  19  12  11  27  20  20
   5   9   8  22 165 165
  12  11  10  24  22  22
  32  20  21  34   1   1
  17  20  21  34  22  22
  13  12  11  26  20  20
   8   9   5  23 165 165
  13  12  19  30 165 165
  18  17  20  21  21  21
  17  18  19  30 165 165
   9  21  20  17 116 116
   5   9  21  20  21  21
  32  20  21  33   1   1
  16  13  15  28 165 165
  24  10  11  27   1   1
  18  17  20  32  20  20
  31  20  21  33   1   1
  21   9   8  22 165 165
  15  17  18  19 165 165
  15  17  20  21  21  21
  18  17  15  28 165 165
  29  18  19  30 165 165
  15  13  12  19 165 165
   6   8   9  21 165 165
  31  20  21  34   1   1
  16  13  15  17 165 165
  14   6   8  22 165 165
   9  21  20  31  22  22
  25  10  11  27   1   1
  21   9   5  23 165 165
   5   9   8   6 165 165
  16  13  12  19 165 165
   9   8   6  14 165 165
   6   4  10  11  21  21
  18  17  20  31  20  20
   8   6   4  10 165 165
   9  21  20  32  22  22
  11  12  19  18 165 165
   4   6   8   9 165 165
   8   9  21  20  21  21
   8   9  21  34  20  20
   7   3   5  23 165 165
   7   5   3   4 162 162
   6   3   4  10 162 162
   9  23   5   3 162 162
   8  14   6   4 162 162
   9   6   8  22 162 162
   8   5   9  21 162 162
  19  13  12  11 162 162
  16  15  13  12 162 162
  17  13  15  28 162 162
  15  20  17  18 162 162
  17  29  18  19 162 162
  30  12  19  18 162 162
                    Domain Definitions follow     (4I4)                         
                    Conformational Search (2I4,2F12.6)                          
                    Local Heating Residues follow (I4 or I4-I4)                 
                    Final blank line                                            
