



 ********************************************************************************
 ********************************************************************************
 **************************  Single Point Calculation  **************************
 *************************BOSS Z-Matrix with LSDautozmat*************************
 *************************           BOSS  4.9          *************************
 *************************  Linux   Version  Feb  2012  *************************
 ********************************************************************************
 ********************************************************************************




                         Z-Matrix for Reference Solutes


 --------------------------------------------------------------------------------
                   Init.   Final                        Theta           PHI
   I    Symbol     Type    Type   J     R(IJ)     K      IJK      L     IJKL
 --------------------------------------------------------------------------------
    1    DUM        -1      -1    0     0.0000    0     0.0000    0     0.0000
    2    DUM        -1      -1    1     1.0000    0     0.0000    0     0.0000
    3    C00       145     145    2     1.0000    1    90.0000    0     0.0000
    4    C01       145     145    3     1.4125    2    90.0000    1     0.0000
    5    C02       145     145    3     1.4095    4   119.3583    2    90.0000
    6    C03       145     145    4     1.4113    3   119.2269    5   -16.6579
    7    H04       146     146    3     1.0796    4   120.5487    6   170.3328
    8    C05       145     145    6     1.4095    4   119.1612    3    16.8564
    9    C06       145     145    5     1.4112    3   119.1612    4    -0.0000
   10    C07       149     149    4     1.5297    3   119.6216    5   152.6864
   11    C08       149     149   10     1.5765    4   113.5325    3   -90.3647
   12    C09       145     145   11     1.5297   10   113.5325    4     8.1064
   13    C0A       145     145   12     1.4125   11   119.6216   10   -90.3647
   14    H0B       146     146    6     1.0797    4   120.4822    3  -170.6826
   15    C0C       145     145   13     1.4095   12   119.2926   11   152.4373
   16    H0D       146     146   13     1.0797   12   120.5487   11   -20.1076
   17    C0E       145     145   15     1.4114   13   119.1612   12    -0.0000
   18    C0F       145     145   17     1.4125   15   119.2269   13    16.8564
   19    C0G       145     145   12     1.4113   11   120.1503   10    78.8404
   20    C0H       149     149   17     1.5296   15   119.8195   13  -152.4373
   21    C0I       149     149    9     1.5296    5   120.0841    3  -152.3135
   22    H0J       146     146    8     1.0796    6   119.6216    4   172.6782
   23    H0K       146     146    5     1.0797    3   119.4241    4  -172.6782
   24    H0M       140     140   10     1.0903    4   108.3172    3    31.2277
   25    H0N       140     140   10     1.0903    4   109.2855    3   146.1428
   26    H0O       140     140   11     1.0903   10   110.0765    4   130.8670
   27    H0P       140     140   11     1.0903   10   109.2248    4  -113.0958
   28    H0Q       146     146   15     1.0797   13   119.4241   12  -172.6782
   29    H0R       146     146   18     1.0796   17   120.4822   15   170.6826
   30    H0S       146     146   19     1.0797   12   120.8152   11    19.9404
   31    H0T       140     140   20     1.0903   17   108.2569   15  -159.3262
   32    H0U       140     140   20     1.0903   17   109.2855   15   -44.4208
   33    H0V       140     140   21     1.0902    9   108.3172    5  -159.3262
   34    H0W       140     140   21     1.0903    9   109.2855    5   -44.4208
 --------------------------------------------------------------------------------
 --------------------------------------------------------------------------------





                       OPLS Force Field Parameters
    Atom         Q           Sigma       Epsilon       Alpha
        1       0.0000       0.0000       0.0000       0.0000      All Solutes    
        2       0.0000       0.0000       0.0000       0.0000      All Solutes    
  CA    3      -0.1150       3.5500       0.0700       0.0000      All Solutes    
  CA    4      -0.1150       3.5500       0.0700       0.0000      All Solutes    
  CA    5      -0.1150       3.5500       0.0700       0.0000      All Solutes    
  CA    6      -0.1150       3.5500       0.0700       0.0000      All Solutes    
  HA    7       0.1150       2.4200       0.0300       0.0000      All Solutes    
  CA    8      -0.1150       3.5500       0.0700       0.0000      All Solutes    
  CA    9      -0.1150       3.5500       0.0700       0.0000      All Solutes    
  CT   10      -0.0050       3.5000       0.0660       0.0000      All Solutes    
  CT   11      -0.0050       3.5000       0.0660       0.0000      All Solutes    
  CA   12      -0.1150       3.5500       0.0700       0.0000      All Solutes    
  CA   13      -0.1150       3.5500       0.0700       0.0000      All Solutes    
  HA   14       0.1150       2.4200       0.0300       0.0000      All Solutes    
  CA   15      -0.1150       3.5500       0.0700       0.0000      All Solutes    
  HA   16       0.1150       2.4200       0.0300       0.0000      All Solutes    
  CA   17      -0.1150       3.5500       0.0700       0.0000      All Solutes    
  CA   18      -0.1150       3.5500       0.0700       0.0000      All Solutes    
  CA   19      -0.1150       3.5500       0.0700       0.0000      All Solutes    
  CT   20      -0.0050       3.5000       0.0660       0.0000      All Solutes    
  CT   21      -0.0050       3.5000       0.0660       0.0000      All Solutes    
  HA   22       0.1150       2.4200       0.0300       0.0000      All Solutes    
  HA   23       0.1150       2.4200       0.0300       0.0000      All Solutes    
  HC   24       0.0600       2.5000       0.0300       0.0000      All Solutes    
  HC   25       0.0600       2.5000       0.0300       0.0000      All Solutes    
  HC   26       0.0600       2.5000       0.0300       0.0000      All Solutes    
  HC   27       0.0600       2.5000       0.0300       0.0000      All Solutes    
  HA   28       0.1150       2.4200       0.0300       0.0000      All Solutes    
  HA   29       0.1150       2.4200       0.0300       0.0000      All Solutes    
  HA   30       0.1150       2.4200       0.0300       0.0000      All Solutes    
  HC   31       0.0600       2.5000       0.0300       0.0000      All Solutes    
  HC   32       0.0600       2.5000       0.0300       0.0000      All Solutes    
  HC   33       0.0600       2.5000       0.0300       0.0000      All Solutes    
  HC   34       0.0600       2.5000       0.0300       0.0000      All Solutes    

                      Net Charge
   Reference Solute     0.00000
 1st Perturbed Solute   0.00000
 2nd Perturbed Solute   0.00000



 Dihedral                             Fourier Coefficients
   Angle    Atom  I Type F    V1        V2        V3        V4               Phases          Delta
      1       6  165  165     0.000     7.250     0.000     0.000      0.00   0.00   0.00     2.0      All Solutes    
      2       7  165  165     0.000     7.250     0.000     0.000      0.00   0.00   0.00     2.0      All Solutes    
      3       8  165  165     0.000     7.250     0.000     0.000      0.00   0.00   0.00     2.0      All Solutes    
      4       9  165  165     0.000     7.250     0.000     0.000      0.00   0.00   0.00     2.0      All Solutes    
      5      10  165  165     0.000     7.250     0.000     0.000      0.00   0.00   0.00     2.0      All Solutes    
      6      11   21   21     0.000     0.150     0.000     0.000      0.00   0.00   0.00     5.0      All Solutes    
      7      12  116  116    -1.697    -0.456     0.585     0.000      0.00   0.00   0.00     5.0      All Solutes    
      8      13   21   21     0.000     0.150     0.000     0.000      0.00   0.00   0.00     5.0      All Solutes    
      9      14  165  165     0.000     7.250     0.000     0.000      0.00   0.00   0.00     2.0      All Solutes    
     10      15  165  165     0.000     7.250     0.000     0.000      0.00   0.00   0.00     2.0      All Solutes    
     11      16  165  165     0.000     7.250     0.000     0.000      0.00   0.00   0.00     2.0      All Solutes    
     12      17  165  165     0.000     7.250     0.000     0.000      0.00   0.00   0.00     2.0      All Solutes    
     13      18  165  165     0.000     7.250     0.000     0.000      0.00   0.00   0.00     2.0      All Solutes    
     14      19   21   21     0.000     0.150     0.000     0.000      0.00   0.00   0.00     5.0      All Solutes    
     15      20  165  165     0.000     7.250     0.000     0.000      0.00   0.00   0.00     2.0      All Solutes    
     16      21  165  165     0.000     7.250     0.000     0.000      0.00   0.00   0.00     2.0      All Solutes    
     17      22  165  165     0.000     7.250     0.000     0.000      0.00   0.00   0.00     2.0      All Solutes    
     18      23  165  165     0.000     7.250     0.000     0.000      0.00   0.00   0.00     2.0      All Solutes    
     19      24   20   20     0.000     0.000     0.000     0.000      0.00   0.00   0.00     5.0      All Solutes    
     20      25   20   20     0.000     0.000     0.000     0.000      0.00   0.00   0.00     5.0      All Solutes    
     21      26   22   22     0.000     0.000     0.462     0.000      0.00   0.00   0.00     5.0      All Solutes    
     22      27   22   22     0.000     0.000     0.462     0.000      0.00   0.00   0.00     5.0      All Solutes    
     23      28  165  165     0.000     7.250     0.000     0.000      0.00   0.00   0.00     2.0      All Solutes    
     24      29  165  165     0.000     7.250     0.000     0.000      0.00   0.00   0.00     2.0      All Solutes    
     25      30  165  165     0.000     7.250     0.000     0.000      0.00   0.00   0.00     2.0      All Solutes    
     26      31   20   20     0.000     0.000     0.000     0.000      0.00   0.00   0.00     5.0      All Solutes    
     27      32   20   20     0.000     0.000     0.000     0.000      0.00   0.00   0.00     5.0      All Solutes    
     28      33   20   20     0.000     0.000     0.000     0.000      0.00   0.00   0.00     5.0      All Solutes    
     29      34   20   20     0.000     0.000     0.000     0.000      0.00   0.00   0.00     5.0      All Solutes    
     30      10  165  165     0.000     7.250     0.000     0.000      0.00   0.00   0.00     0.0      All Solutes    
     31      20  165  165     0.000     7.250     0.000     0.000      0.00   0.00   0.00     0.0      All Solutes    
     32      14  165  165     0.000     7.250     0.000     0.000      0.00   0.00   0.00     0.0      All Solutes    
     33      27   20   20     0.000     0.000     0.000     0.000      0.00   0.00   0.00     0.0      All Solutes    
     34      33   22   22     0.000     0.000     0.462     0.000      0.00   0.00   0.00     0.0      All Solutes    
     35      29  165  165     0.000     7.250     0.000     0.000      0.00   0.00   0.00     0.0      All Solutes    
     36      26    1    1     0.000     0.000     0.300     0.000      0.00   0.00   0.00     0.0      All Solutes    
     37      28  165  165     0.000     7.250     0.000     0.000      0.00   0.00   0.00     0.0      All Solutes    
     38      17  165  165     0.000     7.250     0.000     0.000      0.00   0.00   0.00     0.0      All Solutes    
     39       8  165  165     0.000     7.250     0.000     0.000      0.00   0.00   0.00     0.0      All Solutes    
     40      18  165  165     0.000     7.250     0.000     0.000      0.00   0.00   0.00     0.0      All Solutes    
     41      26   20   20     0.000     0.000     0.000     0.000      0.00   0.00   0.00     0.0      All Solutes    
     42       9  165  165     0.000     7.250     0.000     0.000      0.00   0.00   0.00     0.0      All Solutes    
     43      25   22   22     0.000     0.000     0.462     0.000      0.00   0.00   0.00     0.0      All Solutes    
     44      29  165  165     0.000     7.250     0.000     0.000      0.00   0.00   0.00     0.0      All Solutes    
     45      24   20   20     0.000     0.000     0.000     0.000      0.00   0.00   0.00     0.0      All Solutes    
     46      33   20   20     0.000     0.000     0.000     0.000      0.00   0.00   0.00     0.0      All Solutes    
     47      26    1    1     0.000     0.000     0.300     0.000      0.00   0.00   0.00     0.0      All Solutes    
     48      25   20   20     0.000     0.000     0.000     0.000      0.00   0.00   0.00     0.0      All Solutes    
     49      27   20   20     0.000     0.000     0.000     0.000      0.00   0.00   0.00     0.0      All Solutes    
     50      22  165  165     0.000     7.250     0.000     0.000      0.00   0.00   0.00     0.0      All Solutes    
     51      24   22   22     0.000     0.000     0.462     0.000      0.00   0.00   0.00     0.0      All Solutes    
     52      34    1    1     0.000     0.000     0.300     0.000      0.00   0.00   0.00     0.0      All Solutes    
     53      34   22   22     0.000     0.000     0.462     0.000      0.00   0.00   0.00     0.0      All Solutes    
     54      26   20   20     0.000     0.000     0.000     0.000      0.00   0.00   0.00     0.0      All Solutes    
     55      23  165  165     0.000     7.250     0.000     0.000      0.00   0.00   0.00     0.0      All Solutes    
     56      30  165  165     0.000     7.250     0.000     0.000      0.00   0.00   0.00     0.0      All Solutes    
     57      21   21   21     0.000     0.150     0.000     0.000      0.00   0.00   0.00     0.0      All Solutes    
     58      30  165  165     0.000     7.250     0.000     0.000      0.00   0.00   0.00     0.0      All Solutes    
     59      17  116  116    -1.697    -0.456     0.585     0.000      0.00   0.00   0.00     0.0      All Solutes    
     60      20   21   21     0.000     0.150     0.000     0.000      0.00   0.00   0.00     0.0      All Solutes    
     61      33    1    1     0.000     0.000     0.300     0.000      0.00   0.00   0.00     0.0      All Solutes    
     62      28  165  165     0.000     7.250     0.000     0.000      0.00   0.00   0.00     0.0      All Solutes    
     63      27    1    1     0.000     0.000     0.300     0.000      0.00   0.00   0.00     0.0      All Solutes    
     64      32   20   20     0.000     0.000     0.000     0.000      0.00   0.00   0.00     0.0      All Solutes    
     65      33    1    1     0.000     0.000     0.300     0.000      0.00   0.00   0.00     0.0      All Solutes    
     66      22  165  165     0.000     7.250     0.000     0.000      0.00   0.00   0.00     0.0      All Solutes    
     67      19  165  165     0.000     7.250     0.000     0.000      0.00   0.00   0.00     0.0      All Solutes    
     68      21   21   21     0.000     0.150     0.000     0.000      0.00   0.00   0.00     0.0      All Solutes    
     69      28  165  165     0.000     7.250     0.000     0.000      0.00   0.00   0.00     0.0      All Solutes    
     70      30  165  165     0.000     7.250     0.000     0.000      0.00   0.00   0.00     0.0      All Solutes    
     71      19  165  165     0.000     7.250     0.000     0.000      0.00   0.00   0.00     0.0      All Solutes    
     72      21  165  165     0.000     7.250     0.000     0.000      0.00   0.00   0.00     0.0      All Solutes    
     73      34    1    1     0.000     0.000     0.300     0.000      0.00   0.00   0.00     0.0      All Solutes    
     74      17  165  165     0.000     7.250     0.000     0.000      0.00   0.00   0.00     0.0      All Solutes    
     75      22  165  165     0.000     7.250     0.000     0.000      0.00   0.00   0.00     0.0      All Solutes    
     76      31   22   22     0.000     0.000     0.462     0.000      0.00   0.00   0.00     0.0      All Solutes    
     77      27    1    1     0.000     0.000     0.300     0.000      0.00   0.00   0.00     0.0      All Solutes    
     78      23  165  165     0.000     7.250     0.000     0.000      0.00   0.00   0.00     0.0      All Solutes    
     79       6  165  165     0.000     7.250     0.000     0.000      0.00   0.00   0.00     0.0      All Solutes    
     80      19  165  165     0.000     7.250     0.000     0.000      0.00   0.00   0.00     0.0      All Solutes    
     81      14  165  165     0.000     7.250     0.000     0.000      0.00   0.00   0.00     0.0      All Solutes    
     82      11   21   21     0.000     0.150     0.000     0.000      0.00   0.00   0.00     0.0      All Solutes    
     83      31   20   20     0.000     0.000     0.000     0.000      0.00   0.00   0.00     0.0      All Solutes    
     84      10  165  165     0.000     7.250     0.000     0.000      0.00   0.00   0.00     0.0      All Solutes    
     85      32   22   22     0.000     0.000     0.462     0.000      0.00   0.00   0.00     0.0      All Solutes    
     86      18  165  165     0.000     7.250     0.000     0.000      0.00   0.00   0.00     0.0      All Solutes    
     87       9  165  165     0.000     7.250     0.000     0.000      0.00   0.00   0.00     0.0      All Solutes    
     88      20   21   21     0.000     0.150     0.000     0.000      0.00   0.00   0.00     0.0      All Solutes    
     89      34   20   20     0.000     0.000     0.000     0.000      0.00   0.00   0.00     0.0      All Solutes    
     90      23  165  165     0.000     7.250     0.000     0.000      0.00   0.00   0.00     0.0      All Solutes    
     91       4  162  162     0.000     5.000     0.000     0.000      0.00   0.00   0.00     0.0      All Solutes    
     92      10  162  162     0.000     5.000     0.000     0.000      0.00   0.00   0.00     0.0      All Solutes    
     93       3  162  162     0.000     5.000     0.000     0.000      0.00   0.00   0.00     0.0      All Solutes    
     94       4  162  162     0.000     5.000     0.000     0.000      0.00   0.00   0.00     0.0      All Solutes    
     95      22  162  162     0.000     5.000     0.000     0.000      0.00   0.00   0.00     0.0      All Solutes    
     96      21  162  162     0.000     5.000     0.000     0.000      0.00   0.00   0.00     0.0      All Solutes    
     97      11  162  162     0.000     5.000     0.000     0.000      0.00   0.00   0.00     0.0      All Solutes    
     98      12  162  162     0.000     5.000     0.000     0.000      0.00   0.00   0.00     0.0      All Solutes    
     99      28  162  162     0.000     5.000     0.000     0.000      0.00   0.00   0.00     0.0      All Solutes    
    100      18  162  162     0.000     5.000     0.000     0.000      0.00   0.00   0.00     0.0      All Solutes    
    101      19  162  162     0.000     5.000     0.000     0.000      0.00   0.00   0.00     0.0      All Solutes    
    102      18  162  162     0.000     5.000     0.000     0.000      0.00   0.00   0.00     0.0      All Solutes    

                 Bond Stretching Parameters
  Atom1   Atom2      R0           K0         R1           K1         R2           K2       Delta
    4       3      1.4000      469.00      1.4000      469.00      1.4000      469.00      0.0250     CA-CA
    5       3      1.4000      469.00      1.4000      469.00      1.4000      469.00      0.0250     CA-CA
    6       4      1.4000      469.00      1.4000      469.00      1.4000      469.00      0.0250     CA-CA
    7       3      1.0800      367.00      1.0800      367.00      1.0800      367.00      0.0282     HA-CA
    8       6      1.4000      469.00      1.4000      469.00      1.4000      469.00      0.0250     CA-CA
    9       5      1.4000      469.00      1.4000      469.00      1.4000      469.00      0.0250     CA-CA
   10       4      1.5100      317.00      1.5100      317.00      1.5100      317.00      0.0304     CT-CA
   11      10      1.5290      268.00      1.5290      268.00      1.5290      268.00      0.0331     CT-CT
   12      11      1.5100      317.00      1.5100      317.00      1.5100      317.00      0.0304     CA-CT
   13      12      1.4000      469.00      1.4000      469.00      1.4000      469.00      0.0250     CA-CA
   14       6      1.0800      367.00      1.0800      367.00      1.0800      367.00      0.0282     HA-CA
   15      13      1.4000      469.00      1.4000      469.00      1.4000      469.00      0.0250     CA-CA
   16      13      1.0800      367.00      1.0800      367.00      1.0800      367.00      0.0282     HA-CA
   17      15      1.4000      469.00      1.4000      469.00      1.4000      469.00      0.0250     CA-CA
   18      17      1.4000      469.00      1.4000      469.00      1.4000      469.00      0.0250     CA-CA
   19      12      1.4000      469.00      1.4000      469.00      1.4000      469.00      0.0250     CA-CA
   20      17      1.5100      317.00      1.5100      317.00      1.5100      317.00      0.0304     CT-CA
   21       9      1.5100      317.00      1.5100      317.00      1.5100      317.00      0.0304     CT-CA
   22       8      1.0800      367.00      1.0800      367.00      1.0800      367.00      0.0282     HA-CA
   23       5      1.0800      367.00      1.0800      367.00      1.0800      367.00      0.0282     HA-CA
   24      10      1.0900      340.00      1.0900      340.00      1.0900      340.00      0.0293     HC-CT
   25      10      1.0900      340.00      1.0900      340.00      1.0900      340.00      0.0293     HC-CT
   26      11      1.0900      340.00      1.0900      340.00      1.0900      340.00      0.0293     HC-CT
   27      11      1.0900      340.00      1.0900      340.00      1.0900      340.00      0.0293     HC-CT
   28      15      1.0800      367.00      1.0800      367.00      1.0800      367.00      0.0282     HA-CA
   29      18      1.0800      367.00      1.0800      367.00      1.0800      367.00      0.0282     HA-CA
   30      19      1.0800      367.00      1.0800      367.00      1.0800      367.00      0.0282     HA-CA
   31      20      1.0900      340.00      1.0900      340.00      1.0900      340.00      0.0293     HC-CT
   32      20      1.0900      340.00      1.0900      340.00      1.0900      340.00      0.0293     HC-CT
   33      21      1.0900      340.00      1.0900      340.00      1.0900      340.00      0.0293     HC-CT
   34      21      1.0900      340.00      1.0900      340.00      1.0900      340.00      0.0293     HC-CT
    9       8      1.4000      469.00      1.4000      469.00      1.4000      469.00      0.0000     CA-CA
   19      18      1.4000      469.00      1.4000      469.00      1.4000      469.00      0.0000     CA-CA
   21      20      1.5290      268.00      1.5290      268.00      1.5290      268.00      0.0000     CT-CT

                 Angle Bending Parameters
  Atom1 Atom2 Atom3    A0       K0       A1       K1       A2       K2      Delta
     4     3     5   120.00    63.00   120.00    63.00   120.00    63.00    3.484     CA-CA-CA
     3     4     6   120.00    63.00   120.00    63.00   120.00    63.00    3.484     CA-CA-CA
     4     3     7   120.00    35.00   120.00    35.00   120.00    35.00    4.674     CA-CA-HA
     4     6     8   120.00    63.00   120.00    63.00   120.00    63.00    3.484     CA-CA-CA
     3     5     9   120.00    63.00   120.00    63.00   120.00    63.00    3.484     CA-CA-CA
     3     4    10   120.00    70.00   120.00    70.00   120.00    70.00    3.305     CA-CA-CT
     4    10    11   114.00    63.00   114.00    63.00   114.00    63.00    3.484     CA-CT-CT
    10    11    12   114.00    63.00   114.00    63.00   114.00    63.00    3.484     CT-CT-CA
    11    12    13   120.00    70.00   120.00    70.00   120.00    70.00    3.305     CT-CA-CA
     4     6    14   120.00    35.00   120.00    35.00   120.00    35.00    4.674     CA-CA-HA
    12    13    15   120.00    63.00   120.00    63.00   120.00    63.00    3.484     CA-CA-CA
    12    13    16   120.00    35.00   120.00    35.00   120.00    35.00    4.674     CA-CA-HA
    13    15    17   120.00    63.00   120.00    63.00   120.00    63.00    3.484     CA-CA-CA
    15    17    18   120.00    63.00   120.00    63.00   120.00    63.00    3.484     CA-CA-CA
    11    12    19   120.00    70.00   120.00    70.00   120.00    70.00    3.305     CT-CA-CA
    15    17    20   120.00    70.00   120.00    70.00   120.00    70.00    3.305     CA-CA-CT
     5     9    21   120.00    70.00   120.00    70.00   120.00    70.00    3.305     CA-CA-CT
     6     8    22   120.00    35.00   120.00    35.00   120.00    35.00    4.674     CA-CA-HA
     3     5    23   120.00    35.00   120.00    35.00   120.00    35.00    4.674     CA-CA-HA
     4    10    24   109.50    35.00   109.50    35.00   109.50    35.00    4.674     CA-CT-HC
     4    10    25   109.50    35.00   109.50    35.00   109.50    35.00    4.674     CA-CT-HC
    10    11    26   110.70    37.50   110.70    37.50   110.70    37.50    4.515     CT-CT-HC
    10    11    27   110.70    37.50   110.70    37.50   110.70    37.50    4.515     CT-CT-HC
    13    15    28   120.00    35.00   120.00    35.00   120.00    35.00    4.674     CA-CA-HA
    17    18    29   120.00    35.00   120.00    35.00   120.00    35.00    4.674     CA-CA-HA
    12    19    30   120.00    35.00   120.00    35.00   120.00    35.00    4.674     CA-CA-HA
    17    20    31   109.50    35.00   109.50    35.00   109.50    35.00    4.674     CA-CT-HC
    17    20    32   109.50    35.00   109.50    35.00   109.50    35.00    4.674     CA-CT-HC
     9    21    33   109.50    35.00   109.50    35.00   109.50    35.00    4.674     CA-CT-HC
     9    21    34   109.50    35.00   109.50    35.00   109.50    35.00    4.674     CA-CT-HC
     9     5    23   120.00    35.00   120.00    35.00   120.00    35.00    0.000     CA-CA-HA
    17    18    19   120.00    63.00   120.00    63.00   120.00    63.00    0.000     CA-CA-CA
    17    15    28   120.00    35.00   120.00    35.00   120.00    35.00    0.000     CA-CA-HA
     6     4    10   120.00    70.00   120.00    70.00   120.00    70.00    0.000     CA-CA-CT
     6     8     9   120.00    63.00   120.00    63.00   120.00    63.00    0.000     CA-CA-CA
    26    11    27   107.80    33.00   107.80    33.00   107.80    33.00    0.000     HC-CT-HC
    12    19    18   120.00    63.00   120.00    63.00   120.00    63.00    0.000     CA-CA-CA
    21    20    32   110.70    37.50   110.70    37.50   110.70    37.50    0.000     CT-CT-HC
    24    10    25   107.80    33.00   107.80    33.00   107.80    33.00    0.000     HC-CT-HC
    33    21    34   107.80    33.00   107.80    33.00   107.80    33.00    0.000     HC-CT-HC
    11    10    25   110.70    37.50   110.70    37.50   110.70    37.50    0.000     CT-CT-HC
     5     3     7   120.00    35.00   120.00    35.00   120.00    35.00    0.000     CA-CA-HA
     5     9     8   120.00    63.00   120.00    63.00   120.00    63.00    0.000     CA-CA-CA
    17    20    21   114.00    63.00   114.00    63.00   114.00    63.00    0.000     CA-CT-CT
    31    20    32   107.80    33.00   107.80    33.00   107.80    33.00    0.000     HC-CT-HC
    19    18    29   120.00    35.00   120.00    35.00   120.00    35.00    0.000     CA-CA-HA
     8     6    14   120.00    35.00   120.00    35.00   120.00    35.00    0.000     CA-CA-HA
    13    12    19   120.00    63.00   120.00    63.00   120.00    63.00    0.000     CA-CA-CA
    11    10    24   110.70    37.50   110.70    37.50   110.70    37.50    0.000     CT-CT-HC
    12    11    27   109.50    35.00   109.50    35.00   109.50    35.00    0.000     CA-CT-HC
    20    21    33   110.70    37.50   110.70    37.50   110.70    37.50    0.000     CT-CT-HC
     8     9    21   120.00    70.00   120.00    70.00   120.00    70.00    0.000     CA-CA-CT
    20    21    34   110.70    37.50   110.70    37.50   110.70    37.50    0.000     CT-CT-HC
    15    13    16   120.00    35.00   120.00    35.00   120.00    35.00    0.000     CA-CA-HA
    18    19    30   120.00    35.00   120.00    35.00   120.00    35.00    0.000     CA-CA-HA
    12    11    26   109.50    35.00   109.50    35.00   109.50    35.00    0.000     CA-CT-HC
    18    17    20   120.00    70.00   120.00    70.00   120.00    70.00    0.000     CA-CA-CT
    21    20    31   110.70    37.50   110.70    37.50   110.70    37.50    0.000     CT-CT-HC
     9     8    22   120.00    35.00   120.00    35.00   120.00    35.00    0.000     CA-CA-HA
     9    21    20   114.00    63.00   114.00    63.00   114.00    63.00    0.000     CA-CT-CT

                     Dipole Moment
   Reference Solute     0.01074 D

 Quadrupole Moment:      XX        XY        XZ        YY        YZ        ZZ
   Reference Solute    17.9411   -2.1031   -4.2780   -0.7917   -1.1383   22.6407 D-A


 Total Mol. Wt. of Reference Solute =  208.3024




                    Non-bonded Pairs List (Except Inter-solute)


 Atom    1:

 Atom    2:

 Atom    3:    8   11   12   13   14   15   16   17   18   19   20   21   22   24   25   26   27   28   29   30
              31   32   33   34

 Atom    4:    9   12   13   15   16   17   18   19   20   21   22   23   26   27   28   29   30   31   32   33
              34

 Atom    5:    6   10   11   12   13   14   15   16   17   18   19   20   22   24   25   26   27   28   29   30
              31   32   33   34

 Atom    6:    7   11   12   13   15   16   17   18   19   20   21   23   24   25   26   27   28   29   30   31
              32   33   34

 Atom    7:    8    9   10   11   12   13   14   15   16   17   18   19   20   21   22   23   24   25   26   27
              28   29   30   31   32   33   34

 Atom    8:   10   11   12   13   15   16   17   18   19   20   23   24   25   26   27   28   29   30   31   32
              33   34

 Atom    9:   10   11   12   13   14   15   16   17   18   19   24   25   26   27   28   29   30   31   32

 Atom   10:   13   14   15   16   17   18   19   20   21   22   23   28   29   30   31   32   33   34

 Atom   11:   14   15   16   17   18   20   21   22   23   28   29   30   31   32   33   34

 Atom   12:   14   17   20   21   22   23   24   25   28   29   31   32   33   34

 Atom   13:   14   18   20   21   22   23   24   25   26   27   29   30   31   32   33   34

 Atom   14:   15   16   17   18   19   20   21   22   23   24   25   26   27   28   29   30   31   32   33   34


 Atom   15:   19   21   22   23   24   25   26   27   29   30   31   32   33   34

 Atom   16:   17   18   19   20   21   22   23   24   25   26   27   28   29   30   31   32   33   34

 Atom   17:   22   23   24   25   26   27   30   33   34

 Atom   18:   21   22   23   24   25   26   27   28   31   32   33   34

 Atom   19:   20   21   22   23   24   25   26   27   28   31   32   33   34

 Atom   20:   22   23   24   25   26   27   28   29   30

 Atom   21:   22   23   24   25   26   27   28   29   30

 Atom   22:   23   24   25   26   27   28   29   30   31   32   33   34

 Atom   23:   24   25   26   27   28   29   30   31   32   33   34

 Atom   24:   26   27   28   29   30   31   32   33   34

 Atom   25:   26   27   28   29   30   31   32   33   34

 Atom   26:   28   29   30   31   32   33   34

 Atom   27:   28   29   30   31   32   33   34

 Atom   28:   29   30   31   32   33   34

 Atom   29:   30   31   32   33   34

 Atom   30:   31   32   33   34

 Atom   31:   33   34

 Atom   32:   33   34

 Atom   33:

 Atom   34:


Checking for potential problems in the solute Z-matrix file:
          For Bond Between Atoms    3    4: Expected  4 Torsion Terms, Found  5
          For Bond Between Atoms    3    5: Expected  4 Torsion Terms, Found  5
          For Bond Between Atoms   12   13: Expected  4 Torsion Terms, Found  5
          For Bond Between Atoms   13   15: Expected  4 Torsion Terms, Found  6
          For Bond Between Atoms    5    9: Expected  4 Torsion Terms, Found  5
          For Bond Between Atoms    6    8: Expected  4 Torsion Terms, Found  5
          For Bond Between Atoms   12   19: Expected  4 Torsion Terms, Found  5
          For Bond Between Atoms   17   20: Expected  6 Torsion Terms, Found  7
          For Bond Between Atoms   23    5: Expected  0 Torsion Terms, Found  1
          For Bond Between Atoms   14    6: Expected  0 Torsion Terms, Found  1
          For Bond Between Atoms   29   18: Expected  0 Torsion Terms, Found  1
     11 Potential Problems Found.
 Note - When improper dihedrals are used, excess torsion terms are normal.




                    BOSS Z-Matrix with LSDautozmat
                        Thu Aug  2 15:19:26 2018
                            OPLS Potentials


                      Parameters and Coordinates

 NMOL =   0          EDGE =  100.0000  100.0000  100.0000    RCUT =   10.0000
 NACCPT =        0   NRJECT =        0   MXCON =       0     NCON =       0
 T(C) =      0.00    OLD E =  0.00000000D+00    NEW E =  0.51905553D+02
 RDEL =    0.2000    ADEL =   20.0000    VDEL =       0.0    MXS =    2500
 P(ATM) =     0.0    VOLD =   1000000.0  VNEW =   1000000.0  NVCHG =999999
 DIELRF =     1.0    Reaction Field NOT Applied

 Information for the Reference Solute:
 NSCHG=     1        SCUT =   10.0000    ICUT =     0        NCENT =   1    1
 RDELS1=   0.0000    RDELS2=   0.0000    ADELS1=   0.0000    ADELS2=   0.0000
 ESOLD=      0.00    ESONE=      0.00    WIMAX=  0.000000    WKC =  200.00
 EXXOLD=     0.00    EXXNEW=     0.00    DIELEC=   1.0000    CUTOFF E=    0.000
 EPOOLD=     0.00    EPONEW=     0.00    NPOLX =        0    NPOLS =        0
 EBNDOL=   0.0000    EBNDNE=   2.0600    EANGOL=   0.0000    EANGNE=   0.5178
 EDIHOL=   0.0000    EDIHNE=  32.5565    ENBOL=      0.00    ENBNE=     16.77
 EBCOLD=     0.00    EBCNEW=     0.00    SANEW =     0.00    POLCUT=    10.00


 1-4 Scale Factors: Coul.=   0.20000D+01 L-J=   0.20000D+01  CUTNB =  100.000

 Reaction Coordinate or Lambda Values for the Reference and Perturbed Solutes:
 RC0  =    0.0000    RC1 =     1.0000    RC2  =    1.0000


 Coordinates and Distances in Angstroms


 Solute 0:   X          Y          Z
    0     0.00000    0.00000    0.00000  DUM
    0     1.00000    0.00000    0.00000  DUM
    6     1.00000    1.00000    0.00000  C00
    6    -0.41250    1.00000    0.00000  C01
    6     1.69105    1.00000   -1.22850  C02
    6    -1.10161    1.35306   -1.17997  C03
    1     1.54875    0.88684    0.92288  H04
    6    -0.40895    1.34781   -2.40753  C05
    6     0.95410    1.00000   -2.43200  C06
    6    -1.16857    0.38983    1.18150  C07
    6    -1.48769   -1.14341    1.00041  C08
    6    -0.81326   -1.76735   -0.22266  C09
    6    -1.48731   -1.77445   -1.46392  C0A
    1    -2.17033    1.50588   -1.16519  H0B
    6    -0.73613   -1.78295   -2.65654  C0C
    1    -2.55924   -1.65279   -1.50698  H0D
    6     0.67328   -1.78416   -2.58161  C0E
    6     1.29892   -2.13461   -1.36471  C0F
    6     0.55101   -2.12536   -0.17430  C0G
    6     1.49601   -1.17833   -3.71990  C0H
    6     1.55323    0.38502   -3.69795  C0I
    1    -0.95273    1.49991   -3.32773  H0J
    1     2.76407    0.88015   -1.23350  H0K
    1    -0.56853    0.52919    2.08107  H0M
    1    -2.08943    0.94941    1.34740  H0N
    1    -1.19242   -1.69515    1.89323  H0O
    1    -2.56573   -1.27711    0.90648  H0P
    1    -1.24256   -1.66851   -3.60322  H0Q
    1     2.36667   -2.28838   -1.32229  H0R
    1     1.05141   -2.27114    0.77128  H0S
    1     2.50464   -1.58905   -3.66845  H0T
    1     1.08722   -1.50880   -4.67516  H0U
    1     1.02809    0.79637   -4.56031  H0V
    1     2.59006    0.70689   -3.79873  H0W

 Variable and Additional Bonds
 Atom I      Atom J      RIJ
     4           3       1.4125
     5           3       1.4095
     6           4       1.4113
     7           3       1.0796
     8           6       1.4095
     9           5       1.4112
    10           4       1.5297
    11          10       1.5765
    12          11       1.5297
    13          12       1.4125
    14           6       1.0797
    15          13       1.4095
    16          13       1.0797
    17          15       1.4114
    18          17       1.4125
    19          12       1.4113
    20          17       1.5296
    21           9       1.5296
    22           8       1.0796
    23           5       1.0797
    24          10       1.0903
    25          10       1.0903
    26          11       1.0903
    27          11       1.0903
    28          15       1.0797
    29          18       1.0796
    30          19       1.0797
    31          20       1.0903
    32          20       1.0903
    33          21       1.0902
    34          21       1.0903
     9           8       1.4069
    19          18       1.4059
    21          20       1.5646

 Variable and Additional Angles
 Atom I    J     K      Theta
     4     3     5      119.358
     3     4     6      119.227
     4     3     7      120.549
     4     6     8      119.161
     3     5     9      119.161
     3     4    10      119.622
     4    10    11      113.532
    10    11    12      113.532
    11    12    13      119.622
     4     6    14      120.482
    12    13    15      119.293
    12    13    16      120.549
    13    15    17      119.161
    15    17    18      119.227
    11    12    19      120.150
    15    17    20      119.820
     5     9    21      120.084
     6     8    22      119.622
     3     5    23      119.424
     4    10    24      108.317
     4    10    25      109.285
    10    11    26      110.076
    10    11    27      109.225
    13    15    28      119.424
    17    18    29      120.482
    12    19    30      120.815
    17    20    31      108.257
    17    20    32      109.285
     9    21    33      108.317
     9    21    34      109.285
     9     5    23      120.999
    17    18    19      119.487
    17    15    28      120.999
     6     4    10      120.280
     6     8     9      119.482
    26    11    27      106.037
    12    19    18      119.138
    21    20    32      109.200
    24    10    25      105.884
    33    21    34      105.876
    11    10    25      110.223
     5     3     7      119.724
     5     9     8      119.412
    17    20    21      113.891
    31    20    32      105.903
    19    18    29      119.591
     8     6    14      119.926
    13    12    19      119.350
    11    10    24      109.298
    12    11    27      108.483
    20    21    33      110.383
     8     9    21      119.554
    20    21    34      109.175
    15    13    16      119.739
    18    19    30      119.611
    12    11    26      109.203
    18    17    20      120.077
    21    20    31      109.995
     9     8    22      120.528
     9    21    20      113.517

    Surface Area and Volume with Solvent Radius = 1.40
 Atom    Radius      Access. Area   Access. Vol.  Solute
   1     0.000          0.000          0.000         0
   2     0.000          0.000          0.000         0
   3     1.992          4.606         20.765         0
   4     1.992         36.065         67.272         0
   5     1.992          2.576         11.197         0
   6     1.992          4.001         18.960         0
   7     1.358          0.000          1.514         0
   8     1.992          6.166         26.348         0
   9     1.992          6.834         22.977         0
  10     1.964          1.346          8.998         0
  11     1.964         34.293         57.150         0
  12     1.992         10.575         30.672         0
  13     1.992         39.297         63.511         0
  14     1.358          2.948         10.456         0
  15     1.992         13.466         39.163         0
  16     1.358          6.575         17.686         0
  17     1.992          8.852         29.736         0
  18     1.992          5.510         22.723         0
  19     1.992         38.378         62.521         0
  20     1.964         38.197         65.831         0
  21     1.964         38.934         64.777         0
  22     1.358         12.454         18.780         0
  23     1.358         15.192         18.233         0
  24     1.403         13.722         17.421         0
  25     1.403         13.732         18.438         0
  26     1.403         16.325         20.690         0
  27     1.403         19.682         28.807         0
  28     1.358         15.548         18.861         0
  29     1.358         18.140         21.065         0
  30     1.358         12.398         15.386         0
  31     1.403         16.618         20.247         0
  32     1.403          0.000          0.756         0
  33     1.403          0.000          0.000         0
  34     1.403          0.000          0.000         0

 Total Solvent Accessible Surface Area =   452.43
       Total Solvent Accessible Volume =   840.94

  Type            Area          Volume
 Hydrophobic      192.848        303.117
 Hydrophilic        0.000          0.000
 Aromatic         259.581        537.825
 Weakly Polar       0.000          0.000

 Initial Random Number =0.90977929
total CPU time(sec)  =      0.8
